sample_no,accel_x,accel_y,accel_z,gyro_x,gyro_y,gyro_z
0,-0.46044922,-0.18634033,0.902771,-0.46875,-1.75,0.3125
1,-0.45825195,-0.19537354,0.90496826,-0.59375,-1.5,0.0625
2,-0.46655273,-0.1885376,0.9122925,-0.390625,-1.421875,0.140625
3,-0.4609375,-0.19024658,0.9086304,-0.046875,-1.421875,-0.046875
4,-0.45874023,-0.17437744,0.8966675,-0.40625,-1.890625,-0.1875
5,-0.46240234,-0.18292236,0.90740967,0.28125,-0.796875,0.1875
6,-0.46435547,-0.18023682,0.9093628,0.4375,-0.5,0.515625
7,-0.4645996,-0.17926025,0.9047241,0.484375,-0.25,0.28125
8,-0.46606445,-0.18536377,0.8944702,0.609375,-0.25,0.296875
9,-0.46679688,-0.18267822,0.90838623,1.34375,0.546875,0.21875
10,-0.45776367,-0.18829346,0.9076538,1.6875,0.859375,0.375
11,-0.45825195,-0.19390869,0.89715576,1.171875,0.484375,0.40625
12,-0.4580078,-0.19000244,0.8961792,1.421875,0.8125,0.421875
13,-0.45263672,-0.18804932,0.9059448,2.71875,2.296875,0.546875
14,-0.4519043,-0.19537354,0.9081421,2.234375,1.9375,0.40625
15,-0.44750977,-0.19830322,0.91033936,2.84375,1.84375,0.40625
16,-0.43310547,-0.20172119,0.9064331,2.171875,1.515625,0.25
17,-0.44482422,-0.2029419,0.9105835,2.40625,1.265625,0.46875
18,-0.44189453,-0.20635986,0.918396,2.5625,1.515625,0.359375
19,-0.4423828,-0.20880127,0.9135132,1.796875,1.5,0.375
20,-0.43579102,-0.20343018,0.91278076,2.390625,1.96875,0.3125
21,-0.42578125,-0.21246338,0.91326904,1.671875,1.078125,0.421875
22,-0.4350586,-0.21636963,0.9142456,2.125,1.671875,0.546875
23,-0.41992188,-0.21759033,0.9122925,1.4375,1.640625,0.34375
24,-0.42626953,-0.21636963,0.92181396,2.140625,1.203125,0.265625
25,-0.42236328,-0.21710205,0.9093628,1.484375,0.828125,0.171875
26,-0.42456055,-0.22149658,0.9137573,1.359375,0.40625,0.40625
27,-0.42260742,-0.22003174,0.9164429,1.515625,1.046875,0.59375
28,-0.42089844,-0.22052002,0.91693115,1.28125,0.671875,0.359375
29,-0.41381836,-0.23077393,0.918396,1.390625,1.140625,0.375
30,-0.41210938,-0.2288208,0.9179077,1.390625,0.875,0.375
31,-0.40551758,-0.2312622,0.91937256,1.59375,0.90625,0.359375
32,-0.41918945,-0.2263794,0.91815186,1.484375,0.8125,0.4375
33,-0.40795898,-0.24053955,0.9188843,1.65625,1.140625,0.25
34,-0.40698242,-0.2312622,0.9188843,1.09375,0.65625,0.296875
35,-0.40185547,-0.23028564,0.91741943,0.9375,-0.296875,0.1875
36,-0.40405273,-0.2312622,0.9188843,1.359375,0.234375,0.359375
37,-0.40478516,-0.23883057,0.9249878,0.765625,0.296875,0.515625
38,-0.40893555,-0.23736572,0.92352295,1.984375,1.53125,0.265625
39,-0.3942871,-0.23834229,0.9203491,1.078125,0.28125,-0.0625
40,-0.39331055,-0.23272705,0.91693115,1.125,-0.53125,0.140625
41,-0.40454102,-0.23052979,0.9215698,1.0,-0.03125,0.390625
42,-0.40161133,-0.24151611,0.9213257,0.953125,0.515625,0.453125
43,-0.3894043,-0.2390747,0.9266968,0.96875,0.28125,0.28125
44,-0.39086914,-0.23736572,0.9213257,0.4375,-0.171875,0.265625
45,-0.3955078,-0.24127197,0.92474365,0.765625,-0.5,0.4375
46,-0.39501953,-0.24884033,0.92523193,0.75,0.109375,0.40625
47,-0.39086914,-0.24713135,0.92645264,0.921875,0.09375,0.171875
48,-0.3959961,-0.24127197,0.9208374,0.375,-0.484375,0.171875
49,-0.3876953,-0.23809814,0.9188843,0.546875,-0.21875,0.234375
50,-0.39453125,-0.24395752,0.9262085,0.421875,-0.65625,0.359375
51,-0.39160156,-0.24127197,0.9254761,0.203125,-0.65625,0.109375
52,-0.38793945,-0.24249268,0.92230225,0.125,-1.046875,0.125
53,-0.38452148,-0.2432251,0.9293823,-0.15625,-1.453125,0.046875
54,-0.390625,-0.237854,0.9220581,-0.90625,-2.546875,0.0625
55,-0.39990234,-0.23614502,0.92352295,-0.90625,-2.328125,0.1875
56,-0.39624023,-0.23687744,0.9215698,-1.234375,-2.4375,0.078125
57,-0.4025879,-0.23931885,0.9232788,-1.6875,-2.984375,0.03125
58,-0.41186523,-0.23638916,0.9244995,-1.5625,-3.1875,-0.140625
59,-0.41186523,-0.22515869,0.9191284,-1.8125,-3.1875,-0.09375
60,-0.4165039,-0.22052002,0.9135132,-1.796875,-3.703125,0.078125
61,-0.41674805,-0.22149658,0.9113159,-1.890625,-3.015625,0.0625
62,-0.4177246,-0.22735596,0.92230225,-0.890625,-2.0625,-0.25
63,-0.4111328,-0.22149658,0.91619873,-1.1875,-2.734375,-0.328125
64,-0.4248047,-0.21954346,0.916687,-1.578125,-3.640625,-0.203125
65,-0.43408203,-0.2156372,0.9154663,-1.28125,-2.953125,-0.03125
66,-0.43066406,-0.21368408,0.91864014,-1.390625,-2.359375,0.171875
67,-0.4362793,-0.20562744,0.916687,-1.578125,-2.65625,0.046875
68,-0.42993164,-0.20880127,0.91156006,-1.171875,-2.640625,-0.15625
69,-0.43652344,-0.21490479,0.90789795,-1.421875,-2.71875,0.203125
70,-0.4411621,-0.21392822,0.9130249,-1.515625,-2.609375,0.09375
71,-0.44018555,-0.20758057,0.9125366,-1.03125,-2.265625,-0.21875
72,-0.44628906,-0.19561768,0.9071655,-1.671875,-3.078125,-0.109375
73,-0.44970703,-0.19171143,0.89886475,-1.21875,-2.734375,-0.03125
74,-0.45043945,-0.19244385,0.9093628,-1.078125,-2.546875,-0.078125
75,-0.45166016,-0.1963501,0.9086304,-0.828125,-1.875,0.109375
76,-0.45629883,-0.19781494,0.9032593,-1.0625,-2.15625,0.078125
77,-0.44848633,-0.1987915,0.9059448,-0.875,-1.640625,-0.1875
78,-0.46118164,-0.18682861,0.90911865,-0.484375,-1.9375,-0.109375
79,-0.46142578,-0.190979,0.90252686,-0.21875,-1.796875,0.125
80,-0.4580078,-0.19366455,0.9110718,-0.875,-2.0,-0.03125
81,-0.4621582,-0.18121338,0.9088745,-0.6875,-1.828125,0.078125
82,-0.46679688,-0.18243408,0.9057007,-0.015625,-1.671875,0.234375
83,-0.47045898,-0.18341064,0.9071655,-0.75,-1.1875,0.1875
84,-0.4633789,-0.18634033,0.9093628,0.171875,-0.96875,-0.09375
85,-0.4567871,-0.17999268,0.90057373,0.09375,-0.859375,-0.015625
86,-0.45898438,-0.18634033,0.90252686,0.421875,-1.234375,0.140625
87,-0.46899414,-0.1843872,0.9057007,0.84375,-0.796875,0.28125
88,-0.4609375,-0.175354,0.9008179,0.25,-0.328125,0.25
89,-0.46142578,-0.18389893,0.90448,1.421875,0.375,0.171875
90,-0.46166992,-0.18243408,0.8986206,0.796875,0.3125,0.5625
91,-0.46533203,-0.18365479,0.9022827,1.203125,0.296875,0.40625
92,-0.45776367,-0.18780518,0.9088745,1.171875,0.78125,0.25
93,-0.4638672,-0.18682861,0.9135132,2.34375,1.109375,0.359375
94,-0.45898438,-0.1897583,0.89959717,1.96875,1.46875,0.1875
95,-0.4482422,-0.18536377,0.90252686,2.921875,2.28125,0.390625
96,-0.45117188,-0.19342041,0.91033936,3.0,2.8125,0.65625
97,-0.4555664,-0.2029419,0.91156006,2.78125,2.34375,0.453125
98,-0.43603516,-0.206604,0.9093628,2.53125,2.21875,0.390625
99,-0.43945312,-0.20318604,0.9088745,1.921875,1.4375,0.234375
100,-0.44311523,-0.1963501,0.9135132,2.28125,1.6875,0.46875
101,-0.4387207,-0.21173096,0.9154663,2.15625,1.84375,0.359375
102,-0.42089844,-0.20904541,0.9047241,1.453125,1.21875,0.203125
103,-0.43188477,-0.20806885,0.92840576,2.96875,1.375,0.734375
104,-0.42285156,-0.20904541,0.9081421,0.609375,0.828125,0.734375
105,-0.4309082,-0.22125244,0.9147339,1.9375,1.4375,0.34375
106,-0.4189453,-0.2210083,0.9213257,2.53125,2.25,0.203125
107,-0.41552734,-0.22613525,0.91033936,1.765625,0.546875,0.265625
108,-0.41796875,-0.21539307,0.9196167,1.78125,0.640625,0.234375
109,-0.42333984,-0.222229,0.9208374,1.75,0.921875,0.546875
110,-0.41748047,-0.22491455,0.9237671,1.671875,1.28125,0.25
111,-0.40161133,-0.22686768,0.91082764,1.265625,0.0625,0.15625
112,-0.41015625,-0.23272705,0.9203491,1.078125,0.5,0.40625
113,-0.4206543,-0.23443604,0.92718506,1.109375,0.75,0.46875
114,-0.4008789,-0.23590088,0.9142456,1.03125,0.578125,0.125
115,-0.4033203,-0.23370361,0.9176636,0.921875,-0.265625,0.140625
116,-0.40527344,-0.22711182,0.92108154,0.9375,-0.046875,0.21875
117,-0.4038086,-0.22589111,0.9179077,0.96875,0.21875,0.359375
118,-0.40625,-0.2312622,0.9232788,1.4375,0.640625,0.375
119,-0.39941406,-0.23687744,0.9196167,1.0,0.171875,0.21875
120,-0.3996582,-0.23468018,0.92303467,1.078125,0.078125,0.390625
121,-0.39990234,-0.2312622,0.9225464,0.78125,0.125,0.140625
122,-0.4020996,-0.23516846,0.9232788,0.96875,-0.171875,0.21875
123,-0.39990234,-0.23321533,0.9242554,0.734375,0.078125,0.234375
124,-0.39282227,-0.23638916,0.9203491,0.734375,-0.390625,0.15625
125,-0.3942871,-0.23370361,0.918396,0.78125,-0.53125,0.203125
126,-0.40429688,-0.23516846,0.9188843,0.46875,-0.984375,0.421875
127,-0.3996582,-0.2432251,0.9208374,0.078125,-0.421875,0.453125
128,-0.39770508,-0.23712158,0.9208374,0.109375,-1.28125,0.25
129,-0.39892578,-0.23370361,0.9147339,0.109375,-0.234375,0.375
130,-0.40307617,-0.24078369,0.92181396,1.0,0.0625,0.0625
131,-0.39648438,-0.24835205,0.92474365,1.671875,1.40625,0.09375
132,-0.39257812,-0.24249268,0.9220581,0.703125,-0.4375,0.109375
133,-0.39697266,-0.2366333,0.9237671,0.328125,-0.875,0.1875
134,-0.39648438,-0.23931885,0.9213257,0.453125,-0.359375,0.328125
135,-0.39648438,-0.23614502,0.9279175,0.640625,0.421875,0.265625
136,-0.39453125,-0.24639893,0.92718506,0.015625,-1.15625,0.0625
137,-0.3955078,-0.23590088,0.920105,-0.578125,-2.328125,0.0
138,-0.40185547,-0.24053955,0.92889404,-1.3125,-2.703125,0.0625
139,-0.40478516,-0.23980713,0.92059326,-1.5,-2.8125,-0.125
140,-0.39941406,-0.23223877,0.9188843,-1.234375,-2.609375,-0.1875
141,-0.4091797,-0.22662354,0.91571045,-1.40625,-3.40625,-0.078125
142,-0.40429688,-0.22027588,0.91448975,-1.296875,-3.234375,-0.046875
143,-0.41625977,-0.22711182,0.91741943,-1.0,-2.515625,0.09375
144,-0.41845703,-0.22857666,0.9220581,-1.375,-2.46875,-0.078125
145,-0.421875,-0.22296143,0.91571045,-1.53125,-3.1875,0.0
146,-0.41625977,-0.22271729,0.9154663,-1.578125,-2.78125,-0.078125
147,-0.42700195,-0.222229,0.9142456,-1.4375,-3.21875,0.0625
148,-0.42138672,-0.21343994,0.9164429,-1.390625,-2.890625,-0.328125
149,-0.42333984,-0.206604,0.918396,-1.453125,-3.015625,-0.15625
150,-0.43237305,-0.21954346,0.91864014,-1.09375,-2.578125,-0.0625
151,-0.4399414,-0.20709229,0.91619873,-1.265625,-2.828125,-0.125
152,-0.43920898,-0.20562744,0.90618896,-1.5625,-3.0,-0.109375
153,-0.4453125,-0.20172119,0.9137573,-1.015625,-2.875,0.125
154,-0.44580078,-0.20489502,0.9100952,-1.78125,-2.546875,0.140625
155,-0.44750977,-0.21368408,0.918396,-0.625,-2.390625,-0.140625
156,-0.44213867,-0.19073486,0.90374756,-1.28125,-3.0,-0.421875
157,-0.45532227,-0.1897583,0.90252686,-0.640625,-3.140625,-0.015625
158,-0.46166992,-0.19049072,0.9105835,-0.109375,-1.8125,0.015625
159,-0.45483398,-0.19024658,0.9015503,-0.59375,-1.25,0.234375
160,-0.45507812,-0.19317627,0.9118042,0.15625,-0.890625,0.015625
161,-0.45288086,-0.19146729,0.9022827,-0.390625,-1.421875,0.0625
162,-0.46411133,-0.19390869,0.90838623,0.109375,-1.25,0.265625
163,-0.46362305,-0.19830322,0.90301514,-0.484375,-1.046875,0.03125
164,-0.4572754,-0.19146729,0.90667725,0.53125,-0.8125,-0.140625
165,-0.45776367,-0.18780518,0.8981323,-0.203125,-1.09375,-0.015625
166,-0.4621582,-0.17803955,0.90008545,0.28125,-0.890625,0.15625
167,-0.4609375,-0.18609619,0.9003296,0.484375,-0.375,0.328125
168,-0.46557617,-0.19537354,0.90667725,0.765625,0.203125,0.3125
169,-0.45458984,-0.1897583,0.90789795,0.90625,0.578125,0.265625
170,-0.4580078,-0.19317627,0.90301514,0.734375,-0.328125,0.359375
171,-0.45581055,-0.19927979,0.8986206,0.625,-0.15625,0.1875
172,-0.4543457,-0.19195557,0.9076538,1.21875,0.484375,0.25
173,-0.4501953,-0.18634033,0.89227295,1.140625,1.21875,0.3125
174,-0.45922852,-0.190979,0.9100952,2.53125,1.9375,0.703125
175,-0.4465332,-0.20147705,0.90667725,2.46875,2.640625,0.765625
176,-0.44335938,-0.20465088,0.9076538,2.109375,1.578125,0.34375
177,-0.44384766,-0.2053833,0.9076538,2.59375,1.71875,0.15625
178,-0.43139648,-0.20977783,0.9113159,2.71875,1.84375,0.0625
179,-0.43652344,-0.20684814,0.9142456,2.234375,1.28125,0.328125
180,-0.4345703,-0.21099854,0.91741943,2.125,1.28125,0.453125
181,-0.4284668,-0.20880127,0.9122925,1.421875,1.65625,0.453125
182,-0.43041992,-0.21832275,0.91204834,1.84375,1.0,0.46875
183,-0.42285156,-0.22735596,0.9093628,1.3125,0.390625,0.4375
184,-0.4260254,-0.22149658,0.91815186,1.421875,0.625,0.421875
185,-0.4248047,-0.21881104,0.9125366,1.390625,1.28125,0.265625
186,-0.42773438,-0.22198486,0.9227905,1.953125,0.84375,0.296875
187,-0.41577148,-0.22052002,0.9135132,1.0625,0.484375,0.125
188,-0.41503906,-0.21612549,0.9122925,1.203125,-0.25,0.296875
189,-0.41748047,-0.22076416,0.92303467,1.5,0.46875,0.421875
190,-0.4104004,-0.2276001,0.91864014,1.109375,0.125,0.203125
191,-0.4152832,-0.23272705,0.9137573,1.0625,0.328125,0.21875
192,-0.41259766,-0.22271729,0.91400146,1.3125,0.875,0.421875
193,-0.41235352,-0.22735596,0.9220581,1.46875,0.703125,0.53125
194,-0.40234375,-0.23394775,0.91326904,1.078125,0.078125,0.203125
195,-0.41625977,-0.2276001,0.91693115,0.828125,-0.296875,0.28125
196,-0.4111328,-0.22808838,0.92108154,1.140625,0.609375,0.234375
197,-0.40600586,-0.23345947,0.9176636,1.09375,0.65625,0.171875
198,-0.4020996,-0.23394775,0.91864014,0.84375,0.15625,0.0625
199,-0.41210938,-0.23370361,0.92718506,1.0625,-0.21875,0.203125
200,-0.40429688,-0.23345947,0.91204834,0.375,0.125,0.359375
201,-0.41333008,-0.23834229,0.92303467,1.109375,0.34375,0.28125
202,-0.39819336,-0.24615479,0.92181396,1.640625,1.546875,0.125
203,-0.39282227,-0.237854,0.92718506,1.0625,-0.328125,0.0
204,-0.40039062,-0.23590088,0.92059326,0.734375,-0.71875,0.09375
205,-0.4091797,-0.2341919,0.91571045,0.8125,-0.078125,0.140625
206,-0.40234375,-0.23443604,0.92352295,0.703125,0.15625,0.4375
207,-0.39990234,-0.2341919,0.92596436,0.828125,0.078125,0.25
208,-0.39624023,-0.23468018,0.9203491,0.296875,-0.390625,0.5
209,-0.40478516,-0.2444458,0.9232788,0.578125,-0.28125,0.296875
210,-0.3959961,-0.23956299,0.92059326,0.71875,0.0625,0.09375
211,-0.40014648,-0.23809814,0.9262085,0.828125,-0.765625,-0.046875
212,-0.38891602,-0.23468018,0.91522217,0.671875,-0.265625,0.0625
213,-0.40039062,-0.24029541,0.91937256,0.40625,-0.734375,0.46875
214,-0.40112305,-0.23614502,0.9242554,0.578125,-0.078125,0.40625
215,-0.39526367,-0.24053955,0.9266968,0.109375,-1.046875,0.140625
216,-0.3947754,-0.23931885,0.92889404,0.28125,-0.765625,0.0
217,-0.3947754,-0.24102783,0.9242554,-0.109375,-1.71875,0.109375
218,-0.40454102,-0.23492432,0.9257202,-0.078125,-1.40625,0.171875
219,-0.39892578,-0.237854,0.9232788,-0.765625,-1.8125,0.046875
220,-0.40527344,-0.23321533,0.9196167,-0.75,-2.3125,-0.03125
221,-0.4033203,-0.23834229,0.92230225,-0.765625,-2.21875,-0.046875
222,-0.41235352,-0.23443604,0.9257202,-1.046875,-2.40625,0.09375
223,-0.40625,-0.23321533,0.91082764,-1.578125,-2.40625,-0.015625
224,-0.4091797,-0.2276001,0.92230225,-1.578125,-3.109375,0.1875
225,-0.4140625,-0.23199463,0.918396,-1.21875,-2.203125,0.28125
226,-0.42041016,-0.22955322,0.91864014,-1.28125,-2.4375,-0.140625
227,-0.41748047,-0.22711182,0.9203491,-0.65625,-1.609375,-0.296875
228,-0.4099121,-0.2156372,0.9057007,-1.15625,-2.90625,-0.125
229,-0.42651367,-0.22003174,0.92059326,-0.9375,-2.734375,-0.078125
230,-0.42626953,-0.21051025,0.91400146,-1.671875,-2.78125,-0.046875
231,-0.4272461,-0.21148682,0.91522217,-1.421875,-2.515625,-0.0625
232,-0.42822266,-0.21612549,0.9125366,-1.359375,-2.71875,-0.046875
233,-0.42993164,-0.2107544,0.9137573,-1.34375,-2.546875,-0.125
234,-0.44067383,-0.21685791,0.91815186,-1.65625,-2.828125,-0.171875
235,-0.44067383,-0.20513916,0.9188843,-1.296875,-2.84375,-0.15625
236,-0.4404297,-0.20855713,0.91278076,-1.390625,-3.265625,-0.109375
237,-0.44799805,-0.20196533,0.9052124,-1.578125,-3.265625,-0.234375
238,-0.44750977,-0.19244385,0.9039917,-1.453125,-2.765625,0.015625
239,-0.44848633,-0.19439697,0.91082764,-1.203125,-2.375,0.359375
240,-0.44921875,-0.19317627,0.9098511,-1.4375,-2.28125,0.046875
241,-0.44702148,-0.19024658,0.9059448,-1.28125,-2.578125,-0.140625
242,-0.45336914,-0.18634033,0.90838623,-0.59375,-2.421875,-0.28125
243,-0.46142578,-0.18878174,0.9064331,-0.796875,-2.046875,-0.171875
244,-0.46875,-0.18292236,0.90838623,-0.578125,-2.0,-0.03125
245,-0.45703125,-0.18511963,0.9035034,-0.890625,-2.078125,-0.078125
246,-0.4572754,-0.18341064,0.90789795,-0.171875,-1.171875,-0.078125
247,-0.46606445,-0.17828369,0.9088745,0.34375,-1.140625,0.25
248,-0.4658203,-0.18560791,0.9022827,-0.140625,-0.75,0.109375
249,-0.45776367,-0.18585205,0.9022827,0.75,-0.140625,0.125
250,-0.46875,-0.18267822,0.91082764,0.046875,-1.25,0.046875
251,-0.4638672,-0.17999268,0.9069214,0.265625,-0.75,0.140625
252,-0.47094727,-0.17974854,0.90423584,0.796875,-0.671875,0.3125
253,-0.46826172,-0.17901611,0.9003296,0.703125,0.078125,0.21875
254,-0.46899414,-0.18170166,0.90545654,1.671875,1.03125,0.4375
255,-0.46069336,-0.18511963,0.9032593,1.9375,1.53125,0.53125
256,-0.4658203,-0.19146729,0.90130615,2.28125,2.125,0.21875
257,-0.45239258,-0.19488525,0.90960693,2.828125,3.203125,0.28125
258,-0.45214844,-0.19805908,0.91741943,3.5,3.046875,0.40625
259,-0.44628906,-0.19927979,0.9057007,2.1875,1.28125,0.21875
260,-0.4399414,-0.19195557,0.90838623,2.34375,1.1875,0.296875
261,-0.43945312,-0.1951294,0.91619873,2.375,2.34375,0.4375
262,-0.43164062,-0.2000122,0.9093628,1.609375,1.328125,0.578125
263,-0.44091797,-0.20220947,0.9130249,1.875,1.578125,0.5625
264,-0.42944336,-0.20611572,0.914978,1.53125,1.375,0.515625
265,-0.43725586,-0.21148682,0.9196167,2.328125,1.390625,0.296875
266,-0.4267578,-0.2156372,0.9147339,1.734375,1.21875,0.421875
267,-0.4260254,-0.2156372,0.9142456,1.671875,0.859375,0.34375
268,-0.4189453,-0.21221924,0.9232788,1.078125,0.578125,0.3125
269,-0.4248047,-0.21759033,0.92181396,2.046875,0.953125,0.390625
270,-0.4230957,-0.21636963,0.91619873,0.625,0.4375,0.453125
271,-0.43481445,-0.22467041,0.9196167,2.1875,2.234375,0.34375
272,-0.40722656,-0.22247314,0.9203491,1.671875,1.484375,0.09375
273,-0.4169922,-0.21661377,0.91448975,1.46875,0.171875,0.28125
274,-0.40429688,-0.21588135,0.9159546,1.5,0.265625,0.265625
275,-0.41381836,-0.22662354,0.9242554,1.171875,0.71875,0.46875
276,-0.4074707,-0.23345947,0.9196167,1.65625,1.515625,0.3125
277,-0.40771484,-0.22906494,0.9164429,0.828125,-0.28125,0.265625
278,-0.40234375,-0.22393799,0.9213257,0.828125,0.171875,0.625
279,-0.4116211,-0.23272705,0.92401123,0.984375,0.296875,0.265625
280,-0.40551758,-0.2300415,0.9279175,1.25,0.3125,0.046875
281,-0.40234375,-0.22808838,0.9171753,0.546875,-0.328125,0.1875
282,-0.40893555,-0.2234497,0.91937256,0.953125,0.125,0.234375
283,-0.40625,-0.23492432,0.9237671,1.015625,0.203125,0.1875
284,-0.40063477,-0.2300415,0.9274292,1.25,0.25,0.25
285,-0.40600586,-0.23028564,0.9232788,1.015625,0.359375,0.53125
286,-0.39672852,-0.23321533,0.9244995,1.03125,0.5,0.21875
287,-0.39501953,-0.2312622,0.92401123,1.09375,-0.21875,0.046875
288,-0.40039062,-0.23956299,0.91986084,1.0,-0.078125,0.265625
289,-0.3955078,-0.2366333,0.9215698,0.75,0.28125,0.21875
290,-0.3942871,-0.23248291,0.92718506,0.59375,-0.546875,0.359375
291,-0.39916992,-0.23687744,0.9220581,0.625,-0.1875,0.296875
292,-0.39892578,-0.24835205,0.9244995,0.359375,-0.65625,0.078125
293,-0.3930664,-0.24127197,0.9215698,0.078125,-1.109375,-0.09375
294,-0.4050293,-0.23321533,0.9281616,0.25,-1.84375,0.234375
295,-0.39941406,-0.23980713,0.9213257,-0.59375,-1.0,0.28125
296,-0.4008789,-0.24005127,0.92352295,0.3125,-0.46875,0.015625
297,-0.3959961,-0.24346924,0.92230225,0.125,-1.03125,-0.015625
298,-0.3894043,-0.23468018,0.9269409,-0.53125,-2.53125,-0.25
299,-0.41210938,-0.23321533,0.9176636,-0.890625,-3.203125,0.140625
300,-0.40551758,-0.22735596,0.91741943,-1.0625,-2.03125,0.1875
301,-0.4111328,-0.22930908,0.92718506,-0.90625,-2.296875,0.234375
302,-0.41308594,-0.22662354,0.92181396,-1.125,-2.53125,0.046875
303,-0.4128418,-0.22589111,0.9159546,-2.140625,-3.1875,0.375
304,-0.41918945,-0.2263794,0.9244995,-1.5625,-2.8125,-0.03125
305,-0.41723633,-0.22271729,0.92596436,-1.40625,-2.984375,-0.265625
306,-0.42211914,-0.22027588,0.91693115,-1.328125,-3.09375,-0.296875
307,-0.4177246,-0.21099854,0.91400146,-1.125,-2.59375,-0.140625
308,-0.42504883,-0.20513916,0.9203491,-1.140625,-2.625,0.046875
309,-0.42382812,-0.21246338,0.91693115,-1.171875,-2.359375,0.328125
310,-0.43139648,-0.21270752,0.91571045,-1.203125,-2.65625,-0.078125
311,-0.4321289,-0.20587158,0.90960693,-1.40625,-2.59375,-0.0625
312,-0.42700195,-0.20953369,0.9147339,-1.296875,-2.8125,-0.25
313,-0.43530273,-0.20684814,0.91571045,-1.265625,-2.96875,-0.09375
314,-0.44750977,-0.2041626,0.91522217,-1.640625,-2.9375,-0.09375
315,-0.4465332,-0.20074463,0.9086304,-1.546875,-2.609375,-0.078125
316,-0.44604492,-0.19586182,0.91156006,-1.015625,-2.71875,-0.296875
317,-0.4489746,-0.19049072,0.9137573,-1.015625,-2.3125,0.046875
318,-0.44921875,-0.19073486,0.9137573,-0.625,-2.0,0.15625
319,-0.4572754,-0.190979,0.90838623,-1.375,-1.953125,0.1875
320,-0.45483398,-0.19659424,0.9069214,-0.234375,-1.5625,-0.109375
321,-0.45214844,-0.18780518,0.9088745,-0.59375,-2.1875,-0.078125
322,-0.45239258,-0.18707275,0.9008179,-0.6875,-2.125,-0.03125
323,-0.46264648,-0.18560791,0.9105835,-0.109375,-1.703125,0.1875
324,-0.46655273,-0.17852783,0.90252686,-0.375,-1.078125,0.125
325,-0.46044922,-0.17852783,0.90838623,0.265625,-0.953125,0.390625
326,-0.45996094,-0.18609619,0.9020386,0.09375,-0.859375,0.0625
327,-0.46850586,-0.19024658,0.9059448,0.015625,-1.140625,0.109375
328,-0.45581055,-0.18292236,0.90252686,-0.03125,-0.578125,-0.03125
329,-0.46679688,-0.18707275,0.9110718,0.8125,-0.34375,0.15625
330,-0.45922852,-0.18511963,0.9052124,0.578125,-0.03125,0.109375
331,-0.46289062,-0.1807251,0.9071655,1.453125,1.21875,0.34375
332,-0.45361328,-0.18560791,0.9098511,2.109375,1.96875,0.65625
333,-0.45458984,-0.1975708,0.9081421,2.0625,1.4375,0.578125
334,-0.4560547,-0.19366455,0.9137573,2.390625,2.0,0.53125
335,-0.45263672,-0.19024658,0.9022827,1.96875,1.015625,0.328125
336,-0.44213867,-0.19659424,0.9125366,2.890625,2.34375,0.296875
337,-0.44726562,-0.2000122,0.9130249,2.59375,1.609375,0.4375
338,-0.43945312,-0.20074463,0.90179443,2.328125,1.671875,0.203125
339,-0.4362793,-0.19830322,0.90667725,2.65625,1.765625,0.53125
340,-0.4338379,-0.21026611,0.9105835,2.609375,1.84375,0.515625
341,-0.43530273,-0.21392822,0.9164429,2.078125,2.484375,0.421875
342,-0.42797852,-0.22271729,0.9232788,3.015625,3.046875,0.171875
343,-0.4128418,-0.21392822,0.91448975,1.921875,1.203125,0.359375
344,-0.42114258,-0.2156372,0.916687,1.84375,0.84375,0.515625
345,-0.42529297,-0.21685791,0.92108154,1.546875,0.9375,0.421875
346,-0.421875,-0.2107544,0.9154663,1.375,1.109375,0.3125
347,-0.4128418,-0.22027588,0.920105,1.46875,1.140625,0.328125
348,-0.4111328,-0.2197876,0.91864014,1.203125,0.578125,0.40625
349,-0.41186523,-0.22711182,0.92401123,1.1875,0.640625,0.609375
350,-0.41235352,-0.22418213,0.9203491,1.078125,0.59375,0.203125
351,-0.40625,-0.23175049,0.9208374,1.546875,0.5,0.25
352,-0.41137695,-0.22271729,0.9164429,1.015625,0.109375,0.25
353,-0.39990234,-0.22247314,0.9188843,1.234375,0.375,0.265625
354,-0.40234375,-0.22955322,0.9244995,1.109375,0.265625,0.359375
355,-0.41137695,-0.237854,0.92596436,0.984375,0.3125,0.15625
356,-0.40722656,-0.2300415,0.9196167,0.90625,0.375,0.1875
357,-0.39916992,-0.22979736,0.92352295,1.0625,0.171875,0.234375
358,-0.39819336,-0.23565674,0.92718506,1.265625,0.25,0.265625
359,-0.39990234,-0.23394775,0.9215698,0.875,-0.046875,0.296875
360,-0.40454102,-0.23199463,0.9249878,0.640625,-0.59375,0.28125
361,-0.4008789,-0.23223877,0.91986084,0.796875,0.265625,0.09375
362,-0.39990234,-0.23223877,0.9249878,1.109375,0.25,0.46875
363,-0.3918457,-0.24053955,0.92181396,0.9375,0.375,0.234375
364,-0.38452148,-0.23492432,0.9171753,0.515625,-0.046875,0.296875
365,-0.3996582,-0.23248291,0.93499756,1.265625,-0.234375,0.3125
366,-0.39697266,-0.24053955,0.91937256,0.171875,-0.265625,0.390625
367,-0.4074707,-0.24176025,0.9232788,1.359375,0.6875,0.203125
368,-0.39013672,-0.24029541,0.92767334,0.96875,0.390625,-0.0625
369,-0.38964844,-0.23736572,0.92645264,0.625,-0.484375,0.21875
370,-0.39624023,-0.23248291,0.9279175,0.765625,-0.578125,0.328125
371,-0.39208984,-0.24249268,0.92718506,0.546875,0.109375,0.359375
372,-0.38964844,-0.24908447,0.92889404,0.78125,-0.046875,0.21875
373,-0.39526367,-0.2468872,0.92889404,-0.265625,-1.578125,0.296875
374,-0.3876953,-0.24176025,0.9266968,-0.4375,-1.46875,0.203125
375,-0.3876953,-0.24224854,0.9266968,-0.4375,-2.234375,0.21875
376,-0.4020996,-0.23614502,0.9293823,-0.1875,-1.609375,0.03125
377,-0.38623047,-0.23760986,0.920105,-0.53125,-1.578125,0.0
378,-0.39990234,-0.2312622,0.9242554,-0.484375,-1.9375,0.09375
379,-0.39868164,-0.24005127,0.9257202,-0.25,-1.5625,0.03125
380,-0.40844727,-0.23858643,0.9274292,-0.90625,-2.375,0.15625
381,-0.4038086,-0.22955322,0.91986084,-1.734375,-2.765625,0.0625
382,-0.40893555,-0.2263794,0.9203491,-1.203125,-2.953125,-0.0625
383,-0.39990234,-0.23199463,0.9249878,-0.875,-2.078125,-0.046875
384,-0.4152832,-0.22589111,0.9203491,-1.28125,-2.828125,0.078125
385,-0.4206543,-0.22515869,0.92230225,-1.171875,-2.546875,0.03125
386,-0.41357422,-0.2156372,0.9159546,-1.5625,-3.078125,-0.046875
387,-0.42138672,-0.22003174,0.91571045,-0.84375,-2.46875,0.109375
388,-0.42041016,-0.22149658,0.9220581,-0.859375,-2.390625,-0.078125
389,-0.42529297,-0.2156372,0.9130249,-1.546875,-3.109375,-0.109375
390,-0.41918945,-0.21051025,0.91741943,-1.390625,-3.0625,-0.15625
391,-0.4387207,-0.20758057,0.91326904,-2.046875,-3.25,0.140625
392,-0.4248047,-0.21954346,0.9176636,-0.6875,-1.9375,-0.21875
393,-0.4333496,-0.2078247,0.91082764,-1.0625,-2.578125,-0.21875
394,-0.4345703,-0.20611572,0.9122925,-0.734375,-2.6875,-0.234375
395,-0.43969727,-0.20147705,0.91448975,-0.953125,-2.390625,0.140625
396,-0.4416504,-0.20123291,0.9137573,-1.140625,-2.171875,0.03125
397,-0.44506836,-0.19903564,0.9142456,-1.125,-2.03125,-0.03125
398,-0.4440918,-0.20123291,0.9057007,-0.78125,-2.171875,-0.03125
399,-0.4423828,-0.19805908,0.9088745,-0.703125,-1.703125,0.09375
400,-0.45239258,-0.19805908,0.9137573,-0.609375,-2.078125,-0.0625
401,-0.4519043,-0.1975708,0.914978,-0.359375,-1.71875,-0.171875
402,-0.44726562,-0.19366455,0.9130249,-0.46875,-2.421875,-0.25
403,-0.4560547,-0.1807251,0.90423584,-0.484375,-1.96875,-0.109375
404,-0.44848633,-0.19342041,0.901062,-0.171875,-1.359375,0.296875
405,-0.4580078,-0.18902588,0.9081421,0.21875,-0.640625,0.3125
406,-0.45507812,-0.18829346,0.9076538,0.34375,-0.140625,0.140625
407,-0.4560547,-0.19537354,0.9069214,1.28125,0.359375,0.21875
408,-0.44995117,-0.19342041,0.9076538,1.796875,1.4375,0.203125
409,-0.45117188,-0.19537354,0.9110718,2.109375,1.515625,0.46875
410,-0.44262695,-0.19732666,0.90838623,2.890625,2.5625,0.4375
411,-0.4489746,-0.20025635,0.9142456,3.671875,2.875,0.578125
412,-0.42944336,-0.19415283,0.9069214,2.703125,2.59375,0.328125
413,-0.4309082,-0.2041626,0.9237671,3.28125,2.546875,0.546875
414,-0.43408203,-0.20880127,0.9130249,1.21875,1.515625,0.5
415,-0.43530273,-0.21466064,0.9176636,2.4375,2.328125,0.3125
416,-0.42456055,-0.21221924,0.920105,2.28125,2.21875,0.234375
417,-0.4182129,-0.21710205,0.9208374,1.890625,1.3125,0.453125
418,-0.4189453,-0.21295166,0.9196167,1.84375,0.953125,0.484375
419,-0.41992188,-0.22125244,0.914978,1.40625,1.15625,0.421875
420,-0.41308594,-0.22467041,0.92181396,1.421875,1.015625,0.21875
421,-0.41723633,-0.22540283,0.92181396,1.53125,0.53125,0.21875
422,-0.40161133,-0.22125244,0.9164429,1.140625,0.71875,0.578125
423,-0.41308594,-0.22784424,0.92352295,1.40625,0.65625,0.5625
424,-0.4086914,-0.23077393,0.9257202,1.328125,0.859375,0.09375
425,-0.40551758,-0.22711182,0.9191284,1.109375,0.0625,0.28125
426,-0.40551758,-0.22393799,0.9208374,1.0,0.15625,0.328125
427,-0.4020996,-0.2341919,0.91937256,1.109375,0.46875,0.328125
428,-0.40771484,-0.23077393,0.9262085,1.265625,0.390625,0.34375
429,-0.39770508,-0.2341919,0.9220581,1.015625,0.59375,0.28125
430,-0.40112305,-0.23223877,0.9249878,0.9375,0.015625,0.359375
431,-0.39038086,-0.2312622,0.92352295,1.078125,0.296875,0.265625
432,-0.40234375,-0.23199463,0.92889404,1.0,0.125,0.46875
433,-0.39233398,-0.23052979,0.92474365,0.796875,0.21875,0.140625
434,-0.3984375,-0.23248291,0.92059326,0.765625,-0.296875,0.3125
435,-0.40063477,-0.23834229,0.9269409,1.296875,0.765625,0.296875
436,-0.39208984,-0.23687744,0.9225464,0.640625,0.109375,0.171875
437,-0.40576172,-0.23638916,0.9310913,0.640625,-0.75,0.1875
438,-0.38378906,-0.23956299,0.9203491,0.578125,0.171875,0.171875
439,-0.40161133,-0.24298096,0.92181396,0.546875,-0.109375,0.53125
440,-0.3935547,-0.24517822,0.93011475,1.609375,1.6875,0.171875
441,-0.37768555,-0.24053955,0.92181396,0.78125,-0.53125,-0.125
442,-0.3935547,-0.24029541,0.92523193,0.546875,-1.0625,0.328125
443,-0.39526367,-0.23760986,0.9279175,0.34375,-0.234375,0.421875
444,-0.39404297,-0.24151611,0.9225464,0.546875,0.375,0.40625
445,-0.38452148,-0.24298096,0.9257202,0.703125,0.046875,0.296875
446,-0.390625,-0.24273682,0.930603,0.25,-0.921875,0.125
447,-0.39379883,-0.24249268,0.9291382,0.203125,-0.765625,0.171875
448,-0.38964844,-0.24127197,0.9286499,0.15625,-1.359375,0.125
449,-0.38256836,-0.24249268,0.9310913,0.25,-0.90625,-0.09375
450,-0.39086914,-0.23443604,0.9227905,-0.9375,-2.65625,0.140625
451,-0.39916992,-0.23492432,0.91986084,-0.78125,-2.234375,0.390625
452,-0.3930664,-0.23516846,0.9262085,-0.84375,-2.171875,0.046875
453,-0.40307617,-0.23760986,0.9179077,-1.4375,-2.734375,0.03125
454,-0.3955078,-0.22955322,0.92108154,-1.53125,-3.0625,-0.140625
455,-0.40649414,-0.22833252,0.9220581,-1.453125,-3.171875,0.0
456,-0.40551758,-0.22857666,0.91937256,-1.28125,-2.84375,-0.078125
457,-0.4111328,-0.23297119,0.9188843,-1.453125,-3.09375,-0.0625
458,-0.41577148,-0.22125244,0.91864014,-1.859375,-3.625,-0.140625
459,-0.4206543,-0.21710205,0.9159546,-1.265625,-2.65625,0.109375
460,-0.42138672,-0.2197876,0.91204834,-1.265625,-2.53125,-0.125
461,-0.42041016,-0.21466064,0.9086304,-1.375,-2.65625,-0.09375
462,-0.4182129,-0.21295166,0.9122925,-1.421875,-3.421875,0.0
463,-0.43286133,-0.21417236,0.9154663,-1.421875,-2.65625,0.109375
464,-0.42822266,-0.21636963,0.91937256,-1.171875,-2.125,-0.125
465,-0.43139648,-0.2144165,0.90618896,-1.390625,-2.703125,-0.21875
466,-0.43139648,-0.20758057,0.90789795,-1.203125,-2.796875,-0.125
467,-0.44189453,-0.20245361,0.9147339,-1.125,-2.734375,0.015625
468,-0.43945312,-0.20147705,0.9171753,-1.03125,-1.984375,0.140625
469,-0.4423828,-0.19976807,0.9098511,-1.328125,-2.171875,0.046875
470,-0.44482422,-0.20587158,0.91448975,-0.40625,-2.09375,0.109375
471,-0.44628906,-0.1963501,0.90911865,-1.078125,-2.34375,0.015625
472,-0.44726562,-0.20367432,0.90740967,-0.59375,-1.921875,0.015625
473,-0.44873047,-0.19342041,0.9069214,-0.984375,-1.9375,-0.34375
474,-0.44750977,-0.18804932,0.91033936,-0.296875,-2.265625,-0.25
475,-0.453125,-0.18634033,0.902771,-0.875,-1.859375,-0.171875
476,-0.45214844,-0.18756104,0.9035034,0.015625,-1.28125,0.28125
477,-0.4584961,-0.19195557,0.9105835,0.28125,-0.921875,0.4375
478,-0.4555664,-0.19854736,0.9098511,0.65625,-0.03125,0.359375
479,-0.45361328,-0.190979,0.91156006,0.796875,0.015625,0.234375
480,-0.45507812,-0.18829346,0.902771,1.59375,0.875,0.28125
481,-0.44458008,-0.19976807,0.9081421,1.734375,1.4375,0.375
482,-0.4555664,-0.2029419,0.91278076,2.8125,2.484375,0.46875
483,-0.44091797,-0.19830322,0.90911865,2.359375,2.203125,0.515625
484,-0.44213867,-0.20245361,0.91326904,2.859375,1.859375,0.59375
485,-0.43115234,-0.20513916,0.9076538,2.0625,1.953125,0.46875
486,-0.43896484,-0.20831299,0.9147339,2.4375,1.640625,0.359375
487,-0.42993164,-0.21783447,0.91741943,2.921875,2.84375,0.40625
488,-0.4272461,-0.21148682,0.914978,2.03125,1.15625,0.484375
489,-0.42871094,-0.20977783,0.9213257,2.046875,1.453125,0.453125
490,-0.42407227,-0.21539307,0.9208374,1.484375,1.15625,0.515625
491,-0.41967773,-0.21734619,0.91571045,1.609375,1.40625,0.46875
492,-0.4182129,-0.22076416,0.9179077,1.34375,0.65625,0.265625
493,-0.41796875,-0.21783447,0.91522217,1.40625,0.78125,0.296875
494,-0.41333008,-0.22711182,0.91815186,1.40625,1.28125,0.375
495,-0.40576172,-0.22686768,0.9208374,1.046875,0.671875,0.4375
496,-0.40893555,-0.22467041,0.9242554,1.703125,0.9375,0.125
497,-0.39990234,-0.22808838,0.9164429,0.890625,0.15625,0.25
498,-0.40649414,-0.2234497,0.9237671,1.171875,0.15625,0.359375
499,-0.41015625,-0.23052979,0.9220581,1.265625,0.515625,0.359375
500,-0.40844727,-0.22662354,0.9225464,1.046875,0.375,0.09375
501,-0.3959961,-0.23101807,0.91815186,0.828125,0.421875,0.09375
502,-0.39990234,-0.23492432,0.918396,0.90625,0.21875,0.390625
503,-0.40307617,-0.23248291,0.92401123,1.234375,0.46875,0.25
504,-0.4033203,-0.2300415,0.92059326,1.046875,0.234375,0.3125
505,-0.40625,-0.22662354,0.92474365,0.921875,0.21875,0.1875
506,-0.3935547,-0.23858643,0.9262085,1.09375,0.515625,0.234375
507,-0.39453125,-0.23809814,0.9257202,1.0,0.203125,0.171875
508,-0.39648438,-0.23272705,0.920105,0.609375,-0.203125,0.1875
509,-0.39648438,-0.23150635,0.93011475,1.109375,-0.1875,0.421875
510,-0.39526367,-0.237854,0.92059326,0.078125,0.1875,0.484375
511,-0.39453125,-0.2420044,0.9244995,1.4375,0.71875,0.1875
512,-0.3828125,-0.2456665,0.9227905,1.21875,0.890625,0.15625
513,-0.3918457,-0.23345947,0.9281616,0.609375,-1.03125,0.078125
514,-0.39624023,-0.23443604,0.92230225,0.90625,-0.21875,0.21875
515,-0.39526367,-0.24273682,0.92596436,0.828125,0.109375,0.296875
516,-0.3881836,-0.24908447,0.92474365,0.890625,0.375,0.15625
517,-0.37939453,-0.24053955,0.92059326,0.421875,-0.640625,0.25
518,-0.3894043,-0.24053955,0.92767334,0.53125,-0.515625,0.484375
519,-0.38964844,-0.24615479,0.92962646,0.640625,-0.09375,0.234375
520,-0.3852539,-0.24249268,0.9274292,0.484375,-0.375,0.140625
521,-0.3869629,-0.24298096,0.9208374,0.4375,-0.71875,-0.015625
522,-0.38232422,-0.23883057,0.9286499,0.34375,-0.78125,0.21875
523,-0.39379883,-0.24468994,0.93182373,0.046875,-1.40625,0.375
524,-0.3918457,-0.23443604,0.9254761,-0.359375,-1.25,0.046875
525,-0.390625,-0.23834229,0.9257202,-0.390625,-1.828125,0.109375
526,-0.39697266,-0.23590088,0.9249878,-0.5625,-1.71875,0.125
527,-0.39257812,-0.24249268,0.92767334,-0.296875,-1.890625,0.171875
528,-0.39526367,-0.24395752,0.9220581,-0.625,-1.9375,-0.046875
529,-0.3984375,-0.23345947,0.9254761,-0.921875,-2.75,0.046875
530,-0.4038086,-0.23101807,0.9213257,-1.21875,-2.53125,-0.03125
531,-0.40405273,-0.2300415,0.92108154,-1.125,-2.828125,0.015625
532,-0.40307617,-0.22906494,0.9188843,-1.0625,-2.6875,-0.015625
533,-0.4074707,-0.22540283,0.9232788,-0.90625,-2.359375,-0.25
534,-0.39892578,-0.22711182,0.9147339,-1.578125,-2.875,0.015625
535,-0.41503906,-0.22393799,0.9213257,-1.015625,-2.578125,0.0625
536,-0.42236328,-0.22711182,0.92523193,-1.40625,-2.578125,0.03125
537,-0.4243164,-0.22027588,0.91864014,-0.703125,-1.96875,-0.0625
538,-0.4152832,-0.20904541,0.91619873,-1.171875,-2.953125,-0.21875
539,-0.4230957,-0.21881104,0.91741943,-0.8125,-2.59375,-0.015625
540,-0.43017578,-0.21026611,0.9293823,-0.96875,-2.59375,-0.015625
541,-0.43188477,-0.21148682,0.9147339,-1.28125,-2.34375,0.125
542,-0.43017578,-0.206604,0.9176636,-0.90625,-2.390625,0.0
543,-0.4267578,-0.20855713,0.9130249,-1.203125,-2.640625,-0.03125
544,-0.43774414,-0.20880127,0.90911865,-1.28125,-2.203125,0.171875
545,-0.44262695,-0.20245361,0.9135132,-1.03125,-2.203125,-0.0625
546,-0.42993164,-0.20050049,0.9118042,-0.6875,-2.203125,-0.109375
547,-0.44262695,-0.19952393,0.90838623,-1.296875,-3.125,-0.359375
548,-0.44213867,-0.19049072,0.90667725,-0.984375,-2.421875,0.03125
549,-0.44995117,-0.19976807,0.90423584,-0.859375,-1.90625,0.28125
550,-0.4423828,-0.19805908,0.914978,-0.421875,-0.953125,0.0625
551,-0.44384766,-0.19488525,0.9100952,-0.6875,-1.8125,-0.046875
552,-0.4494629,-0.19781494,0.91204834,-0.125,-1.484375,0.171875
553,-0.4489746,-0.190979,0.91033936,-0.4375,-1.484375,-0.015625
554,-0.44799805,-0.19488525,0.9069214,0.125,-1.125,-0.03125
555,-0.45336914,-0.19268799,0.9110718,0.28125,-1.3125,0.0625
556,-0.45385742,-0.18951416,0.90057373,0.3125,-0.84375,0.265625
557,-0.44433594,-0.18756104,0.90057373,0.28125,-0.484375,0.265625
558,-0.4572754,-0.18682861,0.91082764,1.453125,0.765625,0.46875
559,-0.44628906,-0.19561768,0.90423584,1.03125,1.765625,0.5
560,-0.44995117,-0.19708252,0.91400146,2.359375,1.71875,0.359375
561,-0.43920898,-0.19830322,0.90740967,2.140625,2.0,0.484375
562,-0.44384766,-0.19464111,0.91278076,2.296875,1.640625,0.421875
563,-0.43969727,-0.20733643,0.9188843,2.71875,2.15625,0.328125
564,-0.4362793,-0.20269775,0.91522217,1.984375,1.390625,0.203125
565,-0.42626953,-0.21124268,0.91156006,2.546875,1.96875,0.40625
566,-0.42333984,-0.20343018,0.9130249,2.0,1.5625,0.546875
567,-0.42749023,-0.21514893,0.9227905,1.765625,1.75,0.609375
568,-0.42382812,-0.2144165,0.92059326,1.453125,1.390625,0.296875
569,-0.42236328,-0.21612549,0.9171753,2.0625,1.59375,0.234375
570,-0.4194336,-0.21954346,0.91522217,1.5,0.984375,0.21875
571,-0.41674805,-0.21759033,0.9225464,1.578125,0.78125,0.15625
572,-0.41088867,-0.2144165,0.92181396,1.6875,1.09375,0.5
573,-0.42114258,-0.22491455,0.9257202,1.421875,0.734375,0.40625
574,-0.4091797,-0.22955322,0.916687,1.359375,1.328125,0.3125
575,-0.4116211,-0.22491455,0.92181396,1.625,0.609375,0.28125
576,-0.40307617,-0.22857666,0.9171753,1.359375,0.984375,0.28125
577,-0.4033203,-0.22662354,0.9188843,0.96875,-0.0625,0.28125
578,-0.40625,-0.22662354,0.92474365,1.4375,0.78125,0.140625
579,-0.40551758,-0.23052979,0.9237671,1.28125,0.703125,0.359375
580,-0.39697266,-0.22442627,0.9208374,1.15625,0.28125,0.359375
581,-0.39746094,-0.22735596,0.91986084,1.15625,0.015625,0.4375
582,-0.3959961,-0.23150635,0.92474365,1.015625,0.328125,0.375
583,-0.40649414,-0.23175049,0.92767334,0.828125,0.390625,0.25
584,-0.39282227,-0.24053955,0.9254761,1.890625,1.5625,0.234375
585,-0.3894043,-0.23834229,0.92303467,1.1875,-0.046875,-0.0625
586,-0.39526367,-0.23297119,0.9274292,0.984375,-0.125,0.421875
587,-0.39990234,-0.23272705,0.9254761,0.90625,0.0625,0.3125
588,-0.3930664,-0.2390747,0.918396,0.921875,0.390625,0.40625
589,-0.39624023,-0.2444458,0.9310913,0.9375,-0.09375,0.140625
590,-0.39038086,-0.23590088,0.9262085,0.59375,0.375,0.21875
591,-0.38891602,-0.23638916,0.92767334,0.625,0.046875,0.5
592,-0.39575195,-0.2468872,0.9249878,0.734375,-0.03125,0.28125
593,-0.38623047,-0.24420166,0.9303589,0.859375,-0.078125,0.15625
594,-0.38598633,-0.24053955,0.9262085,0.671875,-0.109375,0.25
595,-0.37841797,-0.24273682,0.9208374,0.75,0.125,0.1875
596,-0.38623047,-0.24371338,0.9332886,0.421875,-0.53125,0.265625
597,-0.38964844,-0.25201416,0.9371948,0.296875,-0.796875,0.390625
598,-0.38378906,-0.23956299,0.9249878,-0.1875,-1.203125,0.171875
599,-0.38916016,-0.24176025,0.9298706,-0.546875,-2.328125,-0.03125
600,-0.38989258,-0.2420044,0.92596436,-0.84375,-2.84375,-0.03125
601,-0.39990234,-0.23687744,0.92181396,-1.421875,-3.25,0.21875
602,-0.3984375,-0.2354126,0.92352295,-1.703125,-3.0625,0.0
603,-0.4020996,-0.23175049,0.9244995,-1.203125,-2.578125,0.015625
604,-0.40771484,-0.2276001,0.9310913,-1.03125,-2.6875,-0.234375
605,-0.4025879,-0.22833252,0.9188843,-1.484375,-3.125,-0.125
606,-0.41088867,-0.22589111,0.92401123,-1.15625,-2.9375,0.03125
607,-0.4116211,-0.22613525,0.9147339,-1.609375,-2.578125,0.21875
608,-0.4086914,-0.2276001,0.9237671,-0.765625,-1.96875,-0.015625
609,-0.41015625,-0.21807861,0.91741943,-1.296875,-2.796875,-0.203125
610,-0.41455078,-0.22027588,0.920105,-1.0625,-2.734375,-0.125
611,-0.42382812,-0.2197876,0.918396,-1.21875,-2.796875,0.125
612,-0.42626953,-0.21221924,0.91571045,-1.140625,-2.265625,0.140625
613,-0.42578125,-0.206604,0.918396,-1.3125,-2.265625,-0.046875
614,-0.4272461,-0.2131958,0.9137573,-1.1875,-2.578125,0.03125
615,-0.43041992,-0.2107544,0.91619873,-1.296875,-2.390625,0.015625
616,-0.4333496,-0.2107544,0.91937256,-0.890625,-2.078125,-0.046875
617,-0.43579102,-0.21051025,0.9203491,-0.828125,-2.328125,-0.21875
618,-0.43554688,-0.20465088,0.9100952,-0.890625,-2.921875,-0.109375
619,-0.44067383,-0.1975708,0.90448,-0.734375,-2.140625,0.015625
620,-0.43969727,-0.20172119,0.9159546,-0.46875,-1.3125,0.34375
621,-0.44189453,-0.20367432,0.9122925,-0.40625,-1.328125,0.421875
622,-0.44750977,-0.20343018,0.9130249,-0.15625,-1.3125,0.203125
623,-0.4362793,-0.19781494,0.90545654,-0.140625,-1.421875,0.03125
624,-0.44750977,-0.19488525,0.9064331,0.0625,-1.421875,-0.015625
625,-0.44384766,-0.18902588,0.9064331,0.53125,-0.578125,-0.03125
626,-0.44213867,-0.19927979,0.9188843,0.859375,0.09375,0.3125
627,-0.44213867,-0.19927979,0.9164429,1.390625,1.21875,0.421875
628,-0.4416504,-0.1987915,0.90960693,1.65625,1.8125,0.375
629,-0.4387207,-0.19952393,0.9071655,3.1875,3.140625,0.484375
630,-0.42456055,-0.21099854,0.9179077,3.1875,3.515625,0.453125
631,-0.43017578,-0.21246338,0.9220581,2.734375,2.28125,0.328125
632,-0.41577148,-0.21514893,0.91937256,2.65625,1.921875,0.25
633,-0.42358398,-0.21295166,0.9135132,2.078125,0.875,0.140625
634,-0.4206543,-0.21246338,0.9164429,2.09375,1.6875,0.34375
635,-0.4206543,-0.21466064,0.9220581,1.625,0.984375,0.40625
636,-0.41088867,-0.22125244,0.9274292,1.484375,1.5625,0.640625
637,-0.41259766,-0.22662354,0.9203491,1.453125,0.953125,0.34375
638,-0.40820312,-0.22686768,0.91156006,1.578125,1.21875,0.421875
639,-0.4104004,-0.22955322,0.92181396,1.578125,0.78125,0.359375
640,-0.40771484,-0.22589111,0.92352295,1.015625,0.484375,0.28125
641,-0.40600586,-0.22833252,0.92401123,1.375,0.515625,0.28125
642,-0.40063477,-0.22198486,0.9242554,1.21875,0.359375,0.328125
643,-0.3972168,-0.22784424,0.92303467,1.171875,0.46875,0.375
644,-0.40014648,-0.23614502,0.9274292,1.09375,0.25,0.40625
645,-0.39941406,-0.23614502,0.9171753,1.0625,0.515625,0.28125
646,-0.39746094,-0.2300415,0.9232788,1.109375,0.625,0.25
647,-0.38867188,-0.23638916,0.9220581,1.171875,0.28125,0.296875
648,-0.39892578,-0.23760986,0.9232788,1.171875,0.171875,0.3125
649,-0.39135742,-0.23931885,0.92059326,0.84375,0.34375,0.171875
650,-0.38989258,-0.23223877,0.92181396,1.09375,-0.203125,0.1875
651,-0.3918457,-0.23858643,0.9269409,1.015625,0.203125,0.25
652,-0.39233398,-0.2341919,0.9269409,0.890625,0.234375,0.203125
653,-0.38500977,-0.23468018,0.9213257,0.5,0.140625,0.171875
654,-0.38012695,-0.24078369,0.93084717,1.140625,-0.25,0.28125
655,-0.3864746,-0.24468994,0.9232788,0.25,-0.390625,0.3125
656,-0.39379883,-0.2468872,0.9244995,1.21875,0.953125,0.21875
657,-0.38061523,-0.2468872,0.92889404,1.125,1.125,-0.015625
658,-0.38012695,-0.2354126,0.92108154,0.625,-0.46875,0.21875
659,-0.3881836,-0.23834229,0.9286499,0.984375,-0.5625,0.40625
660,-0.38256836,-0.24053955,0.9298706,0.578125,0.390625,0.25
661,-0.38110352,-0.24468994,0.93011475,0.71875,-0.390625,0.078125
662,-0.3857422,-0.2468872,0.914978,0.203125,-0.875,0.1875
663,-0.3852539,-0.24395752,0.9249878,0.1875,-0.78125,0.390625
664,-0.38720703,-0.24835205,0.9254761,0.15625,-0.953125,0.0625
665,-0.3779297,-0.2420044,0.9332886,0.140625,-1.484375,0.078125
666,-0.38793945,-0.24224854,0.92303467,-0.71875,-2.484375,0.109375
667,-0.3852539,-0.23565674,0.92596436,-0.828125,-2.671875,0.03125
668,-0.39648438,-0.2390747,0.92767334,-0.984375,-2.421875,0.234375
669,-0.39111328,-0.24078369,0.92303467,-0.96875,-2.125,0.078125
670,-0.39819336,-0.2354126,0.9220581,-1.453125,-2.890625,-0.03125
671,-0.39111328,-0.23248291,0.916687,-1.109375,-2.453125,0.0
672,-0.3947754,-0.23394775,0.92523193,-1.0,-2.875,-0.03125
673,-0.40771484,-0.2263794,0.9203491,-1.171875,-2.640625,-0.046875
674,-0.4074707,-0.22613525,0.9191284,-1.46875,-2.828125,0.109375
675,-0.41503906,-0.21905518,0.9269409,-1.109375,-2.65625,-0.0625
676,-0.4074707,-0.22442627,0.9203491,-1.140625,-2.71875,-0.0625
677,-0.42041016,-0.22271729,0.9254761,-1.40625,-2.890625,0.0
678,-0.41455078,-0.20928955,0.92108154,-1.328125,-2.890625,-0.046875
679,-0.41992188,-0.2156372,0.9225464,-0.78125,-2.703125,0.15625
680,-0.4243164,-0.22393799,0.918396,-1.578125,-2.4375,0.109375
681,-0.42333984,-0.21710205,0.9154663,-0.640625,-1.890625,-0.15625
682,-0.4255371,-0.20709229,0.91156006,-1.171875,-2.5625,-0.15625
683,-0.43554688,-0.20172119,0.91937256,-0.796875,-2.625,-0.0625
684,-0.43554688,-0.21343994,0.91522217,-0.65625,-2.21875,0.0625
685,-0.43408203,-0.20074463,0.91864014,-1.078125,-2.109375,-0.09375
686,-0.43359375,-0.20391846,0.91619873,-0.8125,-2.109375,0.140625
687,-0.43676758,-0.2053833,0.90496826,-0.4375,-1.859375,0.109375
688,-0.44018555,-0.2053833,0.918396,-0.6875,-1.703125,0.09375
689,-0.44360352,-0.2000122,0.9081421,-0.65625,-1.703125,0.0625
690,-0.4362793,-0.20025635,0.9242554,-0.234375,-1.703125,-0.03125
691,-0.44091797,-0.19561768,0.9113159,-0.4375,-2.328125,-0.0625
692,-0.44213867,-0.19610596,0.9110718,0.0,-1.375,0.140625
693,-0.44580078,-0.19366455,0.91400146,0.609375,0.015625,0.484375
694,-0.43701172,-0.19049072,0.9086304,0.8125,0.65625,0.40625
695,-0.4440918,-0.19537354,0.90911865,1.125,0.796875,0.40625
696,-0.44018555,-0.20147705,0.9137573,1.75,1.546875,0.296875
697,-0.4345703,-0.20123291,0.9137573,2.078125,1.734375,0.328125
698,-0.43164062,-0.206604,0.9191284,2.3125,1.625,0.28125
699,-0.42895508,-0.21051025,0.9179077,2.828125,1.890625,0.359375
700,-0.41577148,-0.20733643,0.91326904,2.15625,1.640625,0.203125
701,-0.4284668,-0.2078247,0.9303589,3.09375,2.265625,0.484375
702,-0.41186523,-0.2185669,0.9118042,1.53125,1.6875,0.4375
703,-0.41967773,-0.21807861,0.9179077,2.015625,1.5,0.390625
704,-0.4152832,-0.2234497,0.9208374,2.21875,2.171875,0.171875
705,-0.4128418,-0.2210083,0.9196167,2.0625,1.171875,0.328125
706,-0.41137695,-0.21514893,0.92108154,1.59375,1.125,0.40625
707,-0.41259766,-0.22930908,0.92181396,1.640625,0.71875,0.421875
708,-0.40966797,-0.22418213,0.9254761,1.234375,1.078125,0.34375
709,-0.39526367,-0.22564697,0.9176636,1.46875,0.3125,0.453125
710,-0.40039062,-0.23175049,0.91937256,1.171875,0.546875,0.453125
711,-0.4033203,-0.23199463,0.9266968,1.203125,0.90625,0.40625
712,-0.39794922,-0.2300415,0.9196167,1.0625,0.828125,0.4375
713,-0.39916992,-0.23052979,0.9274292,1.515625,0.484375,0.171875
714,-0.3984375,-0.22735596,0.92645264,1.03125,0.125,0.0625
715,-0.3972168,-0.23223877,0.92181396,1.0625,0.15625,0.34375
716,-0.40063477,-0.2341919,0.92718506,1.234375,0.59375,0.546875
717,-0.39770508,-0.23248291,0.92523193,1.015625,0.625,0.34375
718,-0.3869629,-0.2341919,0.9237671,0.8125,0.15625,0.1875
719,-0.39208984,-0.23931885,0.9215698,1.078125,0.0625,0.3125
720,-0.39013672,-0.23638916,0.9262085,1.25,0.28125,0.359375
721,-0.39111328,-0.24151611,0.9303589,0.796875,0.09375,0.34375
722,-0.38989258,-0.23297119,0.9262085,0.6875,-0.140625,0.171875
723,-0.38964844,-0.23809814,0.9274292,1.109375,0.453125,0.234375
724,-0.38378906,-0.24078369,0.9220581,0.953125,-0.0625,0.375
725,-0.38012695,-0.23858643,0.92840576,0.765625,0.109375,0.1875
726,-0.38891602,-0.23956299,0.93182373,1.25,-0.359375,0.375
727,-0.38476562,-0.24151611,0.920105,0.015625,-0.15625,0.390625
728,-0.390625,-0.25177002,0.92889404,0.90625,0.390625,0.125
729,-0.3828125,-0.23980713,0.93084717,0.65625,0.34375,0.140625
730,-0.3696289,-0.23834229,0.9310913,0.078125,-1.109375,0.265625
731,-0.3894043,-0.23980713,0.93084717,0.125,-1.96875,0.09375
732,-0.38256836,-0.24591064,0.93182373,-0.6875,-1.359375,0.1875
733,-0.38623047,-0.24493408,0.9227905,-0.46875,-2.109375,-0.03125
734,-0.3869629,-0.237854,0.9274292,-1.125,-2.671875,0.046875
735,-0.39111328,-0.23687744,0.92523193,-1.53125,-3.03125,0.28125
736,-0.39208984,-0.2432251,0.9332886,-1.34375,-2.96875,0.03125
737,-0.3972168,-0.22930908,0.92596436,-1.140625,-2.984375,-0.140625
738,-0.3996582,-0.22833252,0.9188843,-1.546875,-3.703125,-0.1875
739,-0.40454102,-0.22808838,0.9232788,-1.265625,-2.6875,-0.015625
740,-0.4104004,-0.22271729,0.92230225,-1.390625,-2.71875,0.140625
741,-0.41381836,-0.22564697,0.92108154,-1.328125,-2.5625,0.15625
742,-0.4086914,-0.22491455,0.92352295,-1.015625,-2.625,-0.015625
743,-0.4111328,-0.2276001,0.9147339,-1.140625,-2.359375,-0.078125
744,-0.4152832,-0.22003174,0.916687,-1.265625,-2.734375,0.03125
745,-0.4169922,-0.21954346,0.91693115,-1.171875,-2.703125,-0.21875
746,-0.41601562,-0.21295166,0.916687,-1.390625,-2.90625,-0.0625
747,-0.41625977,-0.21099854,0.9232788,-1.0,-2.765625,-0.203125
748,-0.4284668,-0.21368408,0.92303467,-0.890625,-2.59375,0.0
749,-0.42944336,-0.20831299,0.914978,-1.640625,-2.96875,-0.09375
750,-0.42822266,-0.20050049,0.91278076,-1.15625,-2.9375,0.171875
751,-0.43530273,-0.20880127,0.9059448,-0.859375,-1.984375,0.046875
752,-0.43432617,-0.20489502,0.91693115,-0.578125,-1.5,-0.1875
753,-0.43359375,-0.20123291,0.9147339,-0.53125,-2.078125,-0.109375
754,-0.43432617,-0.20391846,0.91033936,-0.671875,-2.21875,-0.171875
755,-0.44311523,-0.19366455,0.9135132,-0.625,-2.1875,0.09375
756,-0.44335938,-0.20050049,0.9093628,-0.625,-1.75,0.25
757,-0.44189453,-0.19049072,0.914978,-0.390625,-1.90625,0.203125
758,-0.44458008,-0.19561768,0.9035034,-0.171875,-1.6875,0.203125
759,-0.44311523,-0.1987915,0.90911865,-0.296875,-1.46875,0.234375
